## Note - These point clouds are intended to represent 2D scans. Value of Z-coordinate is obsolete. 



Target set :

[(-2.2541122234542854e-05, -6.226846218109131, 0.0), (0.24891646206378937, -6.256628513336182, 0.0), (0.49543043971061707, -6.21629524230957, 0.0), (0.7458614110946655, -6.222416400909424, 0.0), (0.9955333471298218, -6.205793857574463, 0.0), (1.2514573335647583, -6.210886478424072, 0.0), (1.5136431455612183, -6.223036766052246, 0.0), (1.773485541343689, -6.2056403160095215, 0.0), (2.0439629554748535, -6.206639766693115, 0.0), (2.3216779232025146, -6.207571983337402, 0.0), (2.6074979305267334, -6.207644939422607, 0.0), (2.822584390640259, -6.0356764793396, 0.0), (2.833462715148926, -5.4799604415893555, 0.0), (2.8218326568603516, -4.963265419006348, 0.0), (2.817556142807007, -4.526839256286621, 0.0), (2.8124642372131348, -4.141976833343506, 0.0), (2.8107495307922363, -3.804676055908203, 0.0), (2.805089235305786, -3.497061252593994, 0.0), (2.813107490539551, -3.2346789836883545, 0.0), (2.804293394088745, -2.9767768383026123, 0.0), (2.8087081909179688, -2.7534186840057373, 0.0), (2.80316424369812, -2.537477493286133, 0.0), (2.8055593967437744, -2.3436083793640137, 0.0), (2.8079326152801514, -2.162010431289673, 0.0), (2.8143906593322754, -1.9939191341400146, 0.0), (2.8143327236175537, -1.8303072452545166, 0.0), (2.8145763874053955, -1.6751328706741333, 0.0), (2.806795120239258, -1.5227651596069336, 0.0), (2.815809965133667, -1.385708212852478, 0.0), (2.8084731101989746, -1.2459574937820435, 0.0), (2.805471658706665, -1.113349199295044, 0.0), (2.8105475902557373, -0.9879379272460938, 0.0), (2.8167169094085693, -0.865924060344696, 0.0), (2.8125460147857666, -0.7436400055885315, 0.0), (2.8160505294799805, -0.6259365677833557, 0.0), (2.8108069896698, -0.5084379315376282, 0.0), (2.7997546195983887, -0.39221903681755066, 0.0), (2.805360794067383, -0.27982479333877563, 0.0), (2.8191943168640137, -0.16836613416671753, 0.0), (2.793386697769165, -0.05554942041635513, 0.0), (2.810610294342041, 0.055892594158649445, 0.0), (2.800051212310791, 0.16722354292869568, 0.0), (2.797532081604004, 0.27904456853866577, 0.0), (2.80890154838562, 0.3935011029243469, 0.0), (2.7935092449188232, 0.5053096413612366, 0.0), (2.816277027130127, 0.6259876489639282, 0.0), (2.8126728534698486, 0.7436742782592773, 0.0), (2.790456533432007, 0.8578516840934753, 0.0), (2.795827865600586, 0.9827645421028137, 0.0), (2.799292802810669, 1.1108978986740112, 0.0), (2.797888994216919, 1.2412627935409546, 0.0), (2.780109405517578, 1.3681402206420898, 0.0), (2.804016590118408, 1.5212584733963013, 0.0), (2.7905898094177246, 1.660857915878296, 0.0), (2.7946324348449707, 1.8174959421157837, 0.0), (2.7867989540100098, 1.974372148513794, 0.0), (2.796051263809204, 2.1528632640838623, 0.0), (2.795804262161255, 2.335460662841797, 0.0), (2.79565167427063, 2.5306782722473145, 0.0), (2.7819976806640625, 2.7272353172302246, 0.0), (2.787518262863159, 2.9589712619781494, 0.0), (2.785477876663208, 3.2029104232788086, 0.0), (2.7771549224853516, 3.4622373580932617, 0.0), (2.771301031112671, 3.751279592514038, 0.0), (2.7738025188446045, 4.085041522979736, 0.0), (2.7562692165374756, 4.428374767303467, 0.0), (2.774522542953491, 4.8800554275512695, 0.0), (2.7583234310150146, 5.3346428871154785, 0.0), (2.7058558464050293, 5.786073207855225, 0.0), (2.427443265914917, 5.778994560241699, 0.0), (2.1705329418182373, 5.803452491760254, 0.0), (1.9093601703643799, 5.797913074493408, 0.0), (1.6572589874267578, 5.798954963684082, 0.0), (1.407502293586731, 5.786665916442871, 0.0), (1.1662383079528809, 5.787958145141602, 0.0), (0.9317261576652527, 5.808051586151123, 0.0), (0.6952478885650635, 5.800179958343506, 0.0), (0.46153706312179565, 5.791043281555176, 0.0), (0.23047609627246857, 5.793155670166016, 0.0), (-2.2434764105128124e-05, 5.820131301879883, 0.0)]

Source set :

[(-2.3191980289993808e-05, -6.406641960144043, 0.0), (0.2576717734336853, -6.4766974449157715, 0.0), (0.5198732018470764, -6.522984981536865, 0.0), (0.7917995452880859, -6.6056599617004395, 0.0), (1.0703444480895996, -6.672138690948486, 0.0), (1.3037573099136353, -6.470447063446045, 0.0), (1.4378093481063843, -5.911261558532715, 0.0), (1.5530673265457153, -5.434370517730713, 0.0), (1.6563682556152344, -5.0296807289123535, 0.0), (1.737915277481079, -4.646739959716797, 0.0), (1.8242701292037964, -4.343022346496582, 0.0), (1.893661379814148, -4.049313068389893, 0.0), (1.9582377672195435, -3.787261962890625, 0.0), (2.0222342014312744, -3.5568675994873047, 0.0), (2.0688493251800537, -3.3239259719848633, 0.0), (2.123093843460083, -3.1267263889312744, 0.0), (2.1694881916046143, -2.9366543292999268, 0.0), (2.2211050987243652, -2.769017219543457, 0.0), (2.2568886280059814, -2.5951051712036133, 0.0), (2.3068039417266846, -2.448688507080078, 0.0), (2.332451105117798, -2.286536693572998, 0.0), (2.3725671768188477, -2.147692918777466, 0.0), (2.410423755645752, -2.0135338306427, 0.0), (2.4432432651519775, -1.8812122344970703, 0.0), (2.4794397354125977, -1.7566156387329102, 0.0), (2.516300678253174, -1.6364814043045044, 0.0), (2.5355803966522217, -1.509084701538086, 0.0), (2.566603183746338, -1.3924542665481567, 0.0), (2.5741336345672607, -1.266775131225586, 0.0), (2.628375768661499, -1.1660587787628174, 0.0), (2.6322367191314697, -1.0446010828018188, 0.0), (2.688953399658203, -0.945196270942688, 0.0), (2.7072200775146484, -0.8322622179985046, 0.0), (2.7158777713775635, -0.7180808186531067, 0.0), (2.737335443496704, -0.6084401607513428, 0.0), (2.7734177112579346, -0.5016747117042542, 0.0), (2.7987263202667236, -0.39207494258880615, 0.0), (2.8384950160980225, -0.2831297814846039, 0.0), (2.8721084594726562, -0.1715262532234192, 0.0), (2.899716377258301, -0.05766390264034271, 0.0), (2.9081687927246094, 0.05783266946673393, 0.0), (2.9365694522857666, 0.17537663877010345, 0.0), (2.9775197505950928, 0.29699772596359253, 0.0), (3.0105340480804443, 0.42174792289733887, 0.0), (3.0298871994018555, 0.5480673909187317, 0.0), (3.078886032104492, 0.6843589544296265, 0.0), (3.1218183040618896, 0.8254127502441406, 0.0), (3.1531214714050293, 0.9693434238433838, 0.0), (3.163872241973877, 1.1121362447738647, 0.0), (3.198390483856201, 1.2692797183990479, 0.0), (3.243750810623169, 1.4390661716461182, 0.0), (3.3064184188842773, 1.6271460056304932, 0.0), (3.355684280395508, 1.8205538988113403, 0.0), (3.38651967048645, 2.015533685684204, 0.0), (3.4533016681671143, 2.245863199234009, 0.0), (3.501760482788086, 2.480903148651123, 0.0), (3.5662546157836914, 2.7458934783935547, 0.0), (3.6433515548706055, 3.043454885482788, 0.0), (3.7183680534362793, 3.365938901901245, 0.0), (3.8210973739624023, 3.7458808422088623, 0.0), (3.9213175773620605, 4.1625075340271, 0.0), (4.034858703613281, 4.639523506164551, 0.0), (3.987978935241699, 4.9717535972595215, 0.0), (3.7164063453674316, 5.030590057373047, 0.0), (3.463968515396118, 5.10146427154541, 0.0), (3.2197799682617188, 5.173076629638672, 0.0), (2.971510410308838, 5.226533889770508, 0.0), (2.730201482772827, 5.28025484085083, 0.0), (2.5045788288116455, 5.3556718826293945, 0.0), (2.2734689712524414, 5.412429332733154, 0.0), (2.049325466156006, 5.479374408721924, 0.0), (1.818813443183899, 5.522961616516113, 0.0), (0.6260660886764526, 2.190683126449585, 0.0), (0.5372630953788757, 2.208850622177124, 0.0), (0.44665053486824036, 2.2166950702667236, 0.0), (0.3617596924304962, 2.25508189201355, 0.0), (0.27432867884635925, 2.28861665725708, 0.0), (0.183509960770607, 2.3025543689727783, 0.0), (0.09230618923902512, 2.32017183303833, 0.0), (-9.03214004210895e-06, 2.3431601524353027, 0.0)]
